8462
595
912
124
3457
898
44
844
112
1728
646
520
81
3362
1262
2150
50
468
2427
203
59
1088
2053
240
518
299
40
753
396
1612
2140
723
351
416
493
1912
5464
1803
1814
343
416
690
23
1926
836
1083
1758
60
1205
459
1246
1121
1816
1063
235
272
1274
669
1054
612
669
922
731
9
218
48
1670
828
1545
1443
311
1438
803
12
759
325
512
1074
254
394
1563
3917
983
899
1056
2132
255
1209
597
7
132
749
1276
489
2412
584
31
1898
715
1469
80
2275
237
1313
1612
1583
313
345
800
1802
701
383
1071
456
200
2353
1338
983
1063
52
973
3177
34
628
2240
330
151
1476
3237
170
482
234
387
438
1160
6848
180
5
897
3649
1583
1797
312
457
1330
604
774
1288
2873
853
449
1578
3374
698
670
210
783
759
283
459
992
216
394
351
756
389
787
193
810
2314
26
1448
2715
3986
2895
559
3845
1742
374
1116
348
315
1361
832
491
36
706
740
800
1558
639
2459
948
2012
905
1131
1628
628
6
1503
357
578
1478
276
448
842
817
1006
485
429
1461
1620
84
888
45
4024
1040
1792
129
1761
15
128
287
636
1002
136
325
189
1148
406
3530
1142
413
1847
1136
2043
598
1753
230
1705
1517
187
2768
917
597
92
1006
1659
998
1067
338
206
120
1828
87
316
2938
221
313
1807
2177
723
1745
210
476
198
599
123
862
679
93
271
23
174
1221
447
1077
177
116
461
2242
1353
2766
5
730
49
728
223
74
407
2381
1429
1163
1901
24
104
134
1560
960
1145
3689
2110
128
42
526
139
135
1203
1681
2168
681
1825
1688
1419
642
301
923
356
148
17
2269
45
252
840
15
1717
2700
795
1143
2469
307
987
1034
137
1655
561
119
402
2825
622
2729
1069
429
279
146
499
210
723
58
1530
923
3403
8
590
1233
107
3265
704
1290
539
750
547
3603
440
650
480
246
320
1051
451
2062
885
778
958
521
118
285
38
1536
489
100
149
1613
2801
2790
264
1088
2081
103
1045
41
930
539
830
1139
305
3549
183
200
868
592
1020
50
157
549
1663
266
180
653
77
1142
526
1825
1076
626
487
378
1896
362
77
1200
726
1065
1466
357
1505
630
14
51
50
858
65
1019
947
67
1284
88
1430
874
312
1481
783
3245
495
969
402
1306
3885
1567
133
1604
462
592
145
54
1140
827
78
359
18
946
1528
556
3
357
127
1096
2218
809
2599
1084
12
1053
1829
692
3101
1512
2874
2427
390
158
1627
646
1815
2199
77
2247
2548
172
1834
2414
2719
1027
439
1293
360
508
1393
5
147
258
979
37
421
1099
297
577
327
2261
652
1750
663
773
50
863
1109
31
668
507
4
2687
111
28
140
902
427
2635
382
650
3005
937
313
799
528
1986
528
189
1541
704
2147
1295
1561
1342
343
2043
383
1338
442
557
242
760
1159
1055
440
699
534
671
2784
702
2468
2976
581
301
3663
2096
3044
1526
563
704
2147
1145
1427
404
1359
76
637
1722
128
370
2190
494
380
7066
1078
849
220
334
1445
1937
202
3541
299
651
167
209
1059
1641
113
1817
1348
1336
837
614
1059
186
1183
517
1832
637
423
915
1135
798
1587
1888
120
338
1920
313
252
2526
1368
1552
377
496
454
1185
1545
309
1323
1082
563
1339
3289
1199
767
64
649
109
896
2452
1053
253
275
3532
1200
476
7
947
2020
1000
1860
424
1072
135
927
479
208
329
2126
429
1414
1025
1094
755
77
1117
1422
641
1646
987
9
279
588
379
703
181
1087
39
103
20
246
540
383
567
2771
1261
823
1129
714
3176
816
1130
5229
3007
451
1285
1549
1102
5267
425
1081
462
306
62
398
159
1318
1299
189
524
18
1325
10
1225
624
1534
1495
192
648
1431
1414
815
981
1135
718
1931
998
921
102
452
588
3481
12
77
2183
42
673
2455
3083
191
168
1548
3859
1507
499
769
62
725
1073
5214
1069
247
457
153
2
1068
1840
248
1460
787
310
188
1988
291
298
312
852
132
406
530
844
834
862
366
534
783
5223
591
3249
1266
320
532
56
2535
1257
538
249
1614
5
1232
95
306
147
1972
1577
1538
1485
26
552
1058
259
1337
222
231
1625
4124
281
825
638
22
268
2427
493
658
120
204
601
143
637
579
503
696
2629
687
557
1277
198
904
1852
529
1222
1341
4863
261
225
3
111
2759
262
3269
2071
315
594
781
454
199
550
855
670
456
2038
2563
1749
67
2611
3308
663
1234
511
348
1694
1716
3173
1458
968
466
892
3992
2041
96
722
107
188
115
255
1794
1732
139
34
30
33
4227
1156
291
1114
1297
51
149
181
449
128
493
1139
110
474
997
597
56
285
666
912
1146
2306
476
1030
3983
3055
1495
553
345
1284
847
69
528
614
79
164
3
1613
1138
4472
42
783
340
1534
3583
273
936
261
2747
412
2267
119
324
3648
541
1235
629
1454
1624
368
1851
167
371
1405
980
593
1405
2386
89
1173
1632
402
3762
740
561
668
336
237
390
262
206
288
505
708
703
116
365
18
37
618
548
17
1684
590
2104
847
122
19
4000
278
1363
1231
1796
2711
329
823
584
43
1623
1191
231
996
48
139
444
1870
653
244
