10148
419
251
494
328
2498
673
28
390
93
187
44
102
178
131
2246
817
720
111
4935
229
1351
1130
70
2099
3
469
3164
359
980
129
2581
366
3483
5352
559
451
1649
38
437
895
1450
7120
523
1916
191
193
381
1034
140
452
1353
878
660
1055
388
51
22
2471
13
772
2875
1129
41
497
240
2692
51
1080
2
665
475
1502
558
255
790
1119
42
78
804
28
393
101
321
650
175
198
699
1200
951
283
4316
1249
389
1392
883
1077
199
892
160
2641
361
698
380
984
170
10
1970
378
637
3896
641
1432
279
54
3909
2693
987
1066
587
1290
196
517
522
3917
779
1495
400
24
198
91
492
176
795
109
493
2256
2217
166
183
859
872
4442
365
2516
805
244
3176
2283
984
107
515
541
1118
417
442
1765
2079
326
1446
8
450
150
118
1484
878
718
1660
138
2245
287
2482
146
2343
44
171
467
325
917
210
810
1393
595
290
798
104
1764
380
971
162
570
56
1597
3274
166
2028
559
374
189
1170
108
616
2261
504
864
32
533
318
479
1355
125
319
1186
639
649
1595
1300
297
102
1162
1201
1153
93
98
932
721
555
46
982
1167
1378
1526
1740
557
66
14
147
885
147
574
1132
628
1115
289
1961
1959
192
1147
589
355
4657
832
204
588
322
2537
858
169
25
1291
15
2203
1911
1041
1016
1752
701
53
1388
1439
385
54
307
353
330
579
2516
106
1516
331
340
172
15
673
1720
333
81
2422
1018
1008
632
474
671
1023
30
306
100
539
805
452
426
1630
2144
919
749
886
116
1238
505
2096
206
231
710
1849
1140
1758
542
736
2519
738
503
533
247
51
792
398
1817
282
1248
1206
1375
1954
348
809
448
215
2299
25
886
133
1604
615
1256
2540
8
605
633
106
388
11
1146
255
397
339
143
639
527
2452
474
1024
1833
1175
1321
1260
948
2374
859
311
309
534
2196
1377
1264
686
1654
1035
104
603
426
485
256
2136
1074
649
1339
507
151
865
142
1173
18
535
159
340
3343
1176
6131
623
1775
818
1009
3100
851
810
1013
996
297
635
2930
132
270
161
2213
214
939
938
2140
558
1641
0
1173
26
140
396
2204
557
2202
948
1163
277
42
335
289
246
273
520
527
2031
781
202
379
2111
502
694
254
499
1960
738
976
1963
230
270
498
193
2189
910
1102
104
360
1721
1441
2112
1443
1029
425
2357
635
3071
122
210
213
753
1830
5913
883
618
438
16
195
502
451
713
882
2063
874
784
662
3422
898
296
666
869
1159
808
229
140
1499
993
1819
1825
1614
2099
192
460
556
2682
4009
107
303
674
113
267
1446
1229
339
904
264
77
3521
606
828
602
947
296
720
165
1124
7
509
808
2971
140
701
2295
871
506
1081
352
1620
86
335
1303
755
1746
1965
1426
137
99
1125
1795
331
5
713
220
970
1655
1665
1259
2931
84
332
1928
1217
246
287
568
1335
162
4006
210
819
4443
607
598
1618
503
762
752
2218
123
862
679
93
271
23
174
1221
447
1077
177
116
461
2242
1353
2766
5
730
49
728
223
74
407
2381
1429
1163
1901
24
104
134
1560
960
1145
3689
2110
128
42
526
139
135
1203
1681
2168
681
1825
1688
1419
642
301
923
356
148
17
2269
45
252
840
15
1717
2700
795
1143
2469
307
987
1034
137
1655
561
119
402
2825
622
2729
1069
429
279
146
499
210
723
58
1530
923
3403
8
590
1233
107
3265
704
1290
539
750
547
3603
440
650
480
246
320
1051
451
2062
885
778
958
521
118
285
38
1536
489
100
149
1613
2801
2790
264
1088
2081
103
1045
41
930
539
830
1139
305
3549
183
200
868
592
1020
50
157
549
1663
266
180
653
77
1142
526
1825
1076
626
487
378
1896
362
77
1200
726
1065
1466
357
1505
630
14
51
50
858
65
1019
947
67
1284
88
1430
874
312
1481
783
3245
495
969
402
1306
3885
1567
133
1604
462
592
145
54
1140
827
78
359
18
946
1528
556
3
357
127
1096
2218
809
2599
1084
12
1053
1829
692
3101
1512
2874
2427
390
158
1627
646
1815
2199
77
2247
2548
172
1834
2414
2719
1027
439
1293
360
508
1393
5
147
258
979
37
421
1099
297
577
327
2261
652
1750
663
773
50
863
1109
31
668
507
4
2687
111
28
140
902
427
2635
382
650
3005
937
313
799
528
1986
528
189
1541
704
2147
1295
1561
1342
343
2043
383
1338
442
557
242
760
1159
1055
440
699
534
671
2784
702
2468
2976
581
301
3663
2096
3044
1526
563
704
2147
1145
1427
404
1359
76
637
1722
128
370
2190
494
380
7066
1078
849
220
334
1445
1937
202
3541
299
651
167
209
1059
1641
113
1817
1348
1336
837
614
1059
186
1183
517
1832
637
423
915
1135
798
1587
1888
120
338
1920
313
252
2526
1368
1552
377
496
454
1185
1545
309
1323
1082
563
1339
3289
1199
767
64
649
109
896
2452
1053
253
275
3532
1200
476
7
947
2020
1000
1860
424
1072
135
927
479
208
329
2126
429
1414
1025
1094
755
77
1117
1422
641
1646
987
9
279
588
379
703
181
1087
39
103
20
246
540
383
567
2771
1261
823
