7152
1872
578
240
157
143
1783
1561
283
554
138
152
1442
1409
1663
394
115
2392
441
66
949
422
722
3480
386
2243
188
1814
598
1819
389
530
4343
919
224
1867
163
681
259
227
154
663
928
392
2169
12
477
34
2504
163
2259
1241
1290
882
3714
314
27
636
748
588
85
907
878
65
713
1297
871
648
994
140
484
789
2543
444
166
444
238
2802
1392
36
829
280
1955
665
1443
50
60
962
1811
2427
159
1516
6
1349
724
152
487
630
4060
379
484
89
1801
141
84
1640
2146
105
2486
515
1660
1662
4337
359
3087
467
4258
222
111
396
787
405
515
429
3745
20
111
2309
271
1030
125
3025
4532
256
123
256
1438
101
1179
273
316
321
614
242
639
455
26
750
1043
263
1638
136
269
3166
1021
279
1403
2292
1315
955
1330
651
617
112
1211
81
352
1370
67
2268
36
271
288
58
1992
538
2143
2147
61
774
500
2089
795
1452
988
200
2765
987
143
487
306
38
1814
36
3451
658
1891
716
834
870
133
247
1995
361
179
859
1743
2294
1637
308
861
444
65
45
507
85
287
16
1493
3335
2267
147
4614
838
124
991
16
2859
1527
2881
167
3638
7
63
776
645
153
185
475
46
1135
18
2533
1085
2542
60
577
3746
223
542
1811
838
1257
1151
1003
1767
500
22
731
635
23
1047
160
2340
680
120
82
1802
1388
5078
294
253
1583
1057
895
1895
411
2857
1765
659
1007
289
4170
755
248
2129
164
1458
336
1218
253
1271
2024
83
89
664
180
1846
263
59
2547
1598
1542
12
1124
2571
281
1162
207
1311
114
1191
360
12
1165
1249
69
445
1045
630
32
70
490
1947
2436
675
51
253
30
359
1640
492
78
1331
59
498
1688
1672
1228
120
721
2720
453
385
207
631
947
756
737
1072
2390
1321
1131
6290
1802
1570
1280
880
200
527
319
618
342
1033
702
275
348
2307
2459
2407
97
266
529
794
587
1190
3104
492
521
1747
2435
929
171
506
415
436
1687
1040
625
235
354
42
426
253
339
240
368
2904
672
3062
2318
411
301
78
106
794
283
360
167
731
17
1299
709
1685
595
144
904
1653
776
1259
2472
149
1289
125
1997
349
477
680
146
270
627
583
45
1665
1012
580
696
2262
1266
913
2299
447
953
749
1222
796
1912
433
3176
2448
909
438
124
1148
380
270
1632
347
2910
39
2661
904
672
150
422
1171
272
1539
1385
41
18
657
162
916
339
52
1119
898
1501
94
2128
124
375
743
90
1870
3
326
1314
463
897
490
1885
553
1277
1866
1120
423
702
441
391
403
542
413
954
1530
1417
240
96
57
2280
551
69
2107
190
1839
116
1745
1131
375
576
320
1608
7
960
319
695
4201
367
871
1900
580
1084
1561
834
1382
448
631
136
569
1912
127
1561
1811
2348
107
1775
1465
176
696
2629
563
2132
1541
314
5564
923
1477
168
1662
256
1212
2680
187
915
734
3102
934
2704
338
679
3301
4
1176
91
1870
2232
5093
2359
134
225
273
625
1050
705
989
621
6165
1165
1059
2317
991
12
141
592
1725
220
191
766
1058
2967
4
1243
2213
2987
994
1941
234
419
2637
446
870
340
20
857
185
60
379
3869
183
2802
598
618
1260
121
818
654
341
644
266
719
1225
258
407
35
1057
12
1188
1473
835
2821
42
1023
578
170
551
523
768
917
1216
201
1389
1093
644
229
196
219
444
3871
3144
2227
248
2833
260
2764
908
749
351
3310
1809
168
632
1030
230
246
481
75
1035
3534
693
2090
2010
6872
898
1410
987
332
77
1773
418
898
114
137
3549
42
652
1716
506
813
92
716
12
2878
304
859
1921
1691
2337
1078
35
390
1425
84
1164
2462
637
855
426
499
1040
1
1319
707
3906
2965
832
2153
286
1096
362
107
445
837
903
2422
772
957
4341
269
256
1147
16
195
365
2164
105
277
183
2209
717
352
1415
377
873
145
930
3781
1706
713
120
395
673
1393
688
328
705
1148
200
1296
1517
1133
1583
1174
974
407
3463
1192
891
76
389
436
641
139
14
377
2162
2138
476
5074
2507
374
365
80
886
730
1357
1841
1317
863
751
1087
683
1268
5344
1329
1370
693
892
2985
25
247
652
2027
784
1017
1155
3934
429
3391
730
801
4129
908
8
2731
88
457
1978
2064
3951
2699
170
207
72
737
39
1063
278
2091
362
269
934
1212
1961
2265
148
1304
2000
274
195
183
476
791
812
2404
1902
571
146
517
662
578
764
2705
195
927
217
542
787
3
311
797
189
2190
1230
670
476
1299
262
560
834
1425
160
699
1744
182
1620
121
653
270
227
36
10
561
884
0
849
267
228
1756
1323
2155
929
195
144
937
1163
1836
946
270
6169
1743
616
314
190
1046
574
624
167
520
356
1982
124
490
286
3672
2485
588
1473
522
1979
1824
321
398
595
755
58
691
2078
80
233
1102
456
1185
323
2281
164
517
1173
3238
2306
1144
457
555
1340
1757
1143
2148
803
423
1423
1876
580
39
265
0
1409
67
1348
475
929
768
1359
2397
5771
1044
310
443
982
1399
1209
261
356
158
1016
220
420
2787
303
454
394
2085
169
891
1933
683
1144
2881
49
650
936
