8120
1
339
41
501
1858
843
4510
320
1882
43
1660
1315
349
389
1691
265
880
590
512
109
705
58
914
443
4147
351
465
212
32
157
955
431
1254
124
1041
4636
66
1306
1082
125
201
564
1252
1799
141
1066
3614
909
739
3914
852
852
2827
1230
26
71
508
1023
51
870
96
45
819
1136
225
298
323
251
267
499
65
151
1036
882
3103
227
434
773
35
628
447
87
49
134
1398
941
1689
3225
333
742
498
240
1720
176
2821
752
1135
1155
1372
2337
217
601
175
167
2308
1649
1355
1810
1216
482
978
1018
618
1956
11
252
1719
1000
419
70
599
764
1340
695
283
2184
2013
464
172
1816
629
393
960
415
896
2771
520
1286
1853
94
567
28
1738
1593
797
2069
181
381
219
3761
434
1032
4753
104
1109
2502
663
1693
2518
2242
2151
565
692
753
107
5492
1517
2035
996
1798
808
1073
517
320
1293
185
878
529
406
316
790
337
926
351
298
2943
2963
803
339
59
711
1318
728
1934
290
684
1719
140
703
2218
712
37
582
1020
95
286
1432
1748
324
1494
1804
67
293
918
1868
704
2295
50
524
779
1119
2639
76
196
2244
1845
1011
230
1382
1971
1060
71
40
9
111
1907
155
1463
7
40
275
642
874
91
300
454
132
1049
1574
152
723
220
1416
1088
1322
1309
2008
887
1785
1623
1432
497
1262
119
108
321
3474
324
208
482
135
890
931
295
126
1386
827
796
61
113
1184
51
328
2242
875
946
934
825
245
626
1992
856
1396
1186
1219
864
1637
1750
1658
625
529
790
1685
83
387
4344
1599
883
499
680
79
148
222
37
312
2431
19
1351
921
302
1366
2175
841
109
2186
3941
914
344
252
356
786
1702
183
533
3814
769
677
85
1452
32
728
85
213
425
1414
962
207
223
510
2033
595
61
1277
938
145
786
1490
381
407
793
120
71
440
637
653
1878
1684
264
474
669
1258
187
63
123
413
972
1398
955
232
586
74
1431
809
1294
1872
1511
354
1879
261
134
411
389
4016
134
441
60
535
2223
36
394
1256
163
655
501
154
1119
19
313
642
1552
703
1653
678
192
534
245
45
331
1544
278
223
501
1487
1681
1115
226
288
410
563
1049
566
1566
1892
191
2334
1081
90
539
1817
3200
780
908
1406
241
2356
209
599
1275
326
1028
1884
2851
906
29
270
2101
286
230
40
409
1391
844
188
330
123
1164
1004
1048
26
999
1559
2051
125
910
1539
519
157
182
767
873
2163
3134
490
1084
1590
735
1896
683
720
509
1046
692
1455
454
1232
572
146
173
351
115
134
2284
1227
550
232
269
2715
629
575
235
506
1095
498
1932
622
2933
1783
634
1038
415
1750
1
669
880
286
528
2418
717
2398
115
39
26
653
495
302
2377
489
105
401
4254
490
276
240
2246
682
470
97
46
5558
204
796
466
2340
2202
1462
990
4483
201
1430
33
366
2579
346
513
1141
495
591
736
532
424
925
2466
812
451
441
847
4231
1463
310
483
1211
1866
478
190
39
3199
1395
829
404
608
1950
136
1826
1244
732
1209
67
1082
477
1228
557
715
371
736
909
391
1507
1521
3700
1690
141
2539
3138
1485
358
389
1022
1775
30
1351
729
57
2351
300
231
37
768
288
150
454
379
963
1698
658
552
1181
1373
330
489
786
89
502
3227
308
1045
1594
2417
711
993
1057
47
240
464
761
1814
503
21
2359
2197
1152
561
547
80
146
362
1732
5021
223
1941
588
0
114
1245
981
2540
5
2881
1685
105
1022
1072
1195
976
1308
1563
1884
431
267
259
1409
432
1141
403
29
1444
128
1872
422
2582
240
1210
1724
1626
2294
670
523
226
93
1054
1955
340
2381
4832
106
984
420
1386
121
978
2080
3760
1776
2178
550
742
1128
696
678
1518
1556
960
3520
4159
566
1610
284
330
553
389
2811
3126
1065
908
645
1332
742
2271
876
1479
495
737
662
95
175
154
1188
450
715
1100
327
168
2116
1286
2179
678
394
1718
64
1171
591
415
4667
91
267
586
1354
638
288
34
1148
773
85
374
2903
24
862
168
52
1144
370
468
2045
1539
1077
1291
3541
323
486
1105
829
1321
1817
2752
348
191
290
2058
773
1328
575
1852
608
166
1355
1548
1199
1119
162
1769
1801
875
683
98
1195
1096
349
795
3294
3806
868
14
37
186
1945
2848
280
542
255
77
570
1139
124
1815
81
1063
525
397
230
765
22
518
122
331
3956
568
378
1397
166
333
986
883
1375
518
204
48
231
3
245
1230
281
4116
3898
427
702
313
130
160
255
68
1347
2431
1083
849
859
52
24
608
163
453
527
460
4071
624
1022
380
443
87
47
558
264
555
1005
1593
2664
2246
389
1396
476
1887
971
627
63
48
1588
190
258
2550
714
994
1048
442
922
1151
1246
2809
914
1141
476
447
38
857
1094
2022
118
1449
1868
350
126
1885
752
159
1781
803
939
370
1037
1655
64
911
789
374
598
772
275
697
38
465
1781
2130
713
3681
834
161
151
673
1783
511
622
400
350
203
194
478
80
1465
260
248
339
1934
1198
332
2060
1791
1992
279
1256
164
3403
85
176
166
967
2045
1060
900
132
351
888
61
