4430
1606
3462
2138
1167
1650
3538
1505
2972
2348
405
36
45
1057
538
2007
892
750
1049
2354
1865
403
50
458
94
220
303
600
724
848
315
666
452
41
1315
132
964
2261
89
1350
1513
3776
2316
324
2169
3080
118
2987
2435
1345
699
607
1608
2117
742
178
716
1443
2110
547
1013
16
1955
809
660
221
4
2499
267
892
78
394
1467
350
319
1065
1680
878
25
1320
1237
303
569
46
585
76
891
1207
1166
1687
2494
910
16
278
872
29
645
2710
444
1951
1131
1605
1283
1253
1731
369
605
164
1175
1839
1128
59
441
1405
243
1655
645
1581
2985
1295
341
387
193
1634
350
2337
3195
40
98
497
488
2740
993
900
1050
53
646
199
1186
171
315
272
1498
113
823
1226
956
35
368
29
1533
35
269
3097
113
455
695
182
30
1331
588
1777
960
256
187
795
2169
994
692
318
1753
119
1631
272
8
644
1605
548
604
882
80
22
936
2977
606
1022
2200
3290
158
51
246
3876
1116
420
352
1997
1458
1346
264
3144
145
1062
73
4171
950
537
300
745
138
3449
67
126
1049
1562
5
558
1501
1235
237
432
958
1394
1400
24
577
1953
782
170
999
869
425
1410
1747
7020
4767
92
998
527
1850
1535
1569
733
1600
1028
1296
309
28
850
661
585
3550
366
506
124
1899
46
15
2382
4011
931
601
28
769
515
318
471
632
746
289
2637
717
2159
729
245
598
143
121
700
355
771
256
216
1277
1174
1412
7
837
181
498
255
49
1782
1558
2063
579
2089
288
1210
1919
102
1472
550
1511
48
1144
804
336
1553
730
970
155
190
61
586
1430
537
2439
181
193
408
1027
1318
472
1823
232
429
488
4563
1839
713
102
2778
3061
2296
870
2720
519
995
137
72
1241
630
780
191
689
1326
152
1517
147
2332
1768
3019
1134
1566
825
210
487
214
1242
2304
3385
100
1147
315
2865
150
774
60
334
2599
830
545
568
556
1027
344
184
290
96
858
7
1503
2312
156
6183
371
479
752
1635
214
64
994
612
785
339
1076
1366
2162
283
1739
210
1507
80
101
590
509
688
149
865
3084
2270
4200
76
198
424
411
286
1886
563
360
4100
624
4409
1198
395
351
248
2334
684
244
560
2773
122
2873
679
861
1323
654
411
911
70
1371
629
1999
1372
338
105
157
86
182
3228
312
1473
2752
3348
286
230
88
4999
1391
1339
418
357
1305
1087
619
82
857
2294
283
923
379
5863
291
996
849
1063
297
2870
3127
639
2348
251
132
1078
638
921
1057
3528
898
952
270
665
23
928
86
126
1960
1863
318
200
389
675
2283
323
695
1915
2021
734
303
484
376
1312
603
695
297
390
3727
1692
292
1049
203
325
34
338
1786
1532
4
2524
191
1801
1506
301
718
75
791
2487
301
366
784
350
198
2501
161
535
1263
555
1941
664
106
246
3000
595
97
555
272
224
2507
40
0
709
1003
2756
3899
882
526
788
548
503
99
17
190
1884
131
700
60
425
78
840
398
1734
1230
743
578
390
380
194
539
18
518
1417
1118
2930
284
182
120
4241
112
860
641
60
860
362
943
683
391
241
758
123
559
97
2616
696
584
50
1304
164
532
251
1531
2
785
4
3689
196
627
513
618
58
565
933
4
354
72
864
2479
320
1229
1985
5
1182
874
427
1575
568
194
441
1057
1291
891
1576
1066
1207
433
219
52
4
1380
78
1390
1551
318
689
1122
6324
2106
1298
168
2268
111
347
26
1241
2887
2281
551
23
59
497
2019
1221
1461
1671
218
3720
1522
341
1139
1442
2993
2598
947
552
1479
1673
39
257
72
1262
809
740
353
714
179
490
706
65
1479
1244
2761
438
1671
635
109
567
1561
1563
490
1872
964
4263
511
1069
1306
558
197
125
1892
2286
827
1293
2058
926
413
2424
759
384
216
899
912
1109
4802
14
1928
1536
1691
365
2138
610
3729
733
172
649
3068
351
970
1577
2371
245
1464
227
352
765
517
1851
174
1379
693
1372
729
3494
879
705
1364
817
1079
1137
1187
2230
435
876
723
424
358
327
839
1667
477
1867
1410
2870
151
1696
1228
596
654
187
1385
3134
332
748
59
865
547
203
942
1092
2147
463
2548
1086
0
2938
106
1131
222
570
1105
1731
730
435
341
621
299
84
3021
171
1191
1261
92
114
554
312
580
1251
577
1043
1265
118
3137
1076
1710
1363
653
35
150
963
133
287
1347
1543
1080
259
2829
155
1463
151
137
974
1242
1027
654
1859
38
878
5877
2624
1712
2799
143
150
345
482
344
2840
512
710
888
1058
2857
51
2589
3566
10
293
176
251
349
1524
12
395
846
591
1080
1322
1225
195
32
700
1001
317
2054
133
666
209
701
288
1705
1817
1082
987
1513
238
1370
193
529
469
821
80
535
1558
1796
12
914
424
739
193
797
2122
1186
400
981
462
1364
1779
1197
1099
2190
918
143
2704
168
145
3734
991
480
15
401
31
2346
740
460
3504
880
2501
620
2600
894
2196
41
336
669
406
376
873
814
2461
1464
173
690
430
1087
1414
851
754
488
113
832
207
231
436
142
1430
907
1592
79
3065
351
1461
1444
241
1123
1186
230
1803
2814
354
5412
62
246
