4423
434
499
1111
139
120
2695
1717
16
889
813
599
443
491
589
1389
517
529
500
658
771
237
86
529
394
761
3164
267
1454
256
253
2564
2312
908
225
426
1715
51
955
295
7
2731
579
26
1234
445
2501
1095
1632
268
525
385
510
2104
1879
1091
1154
1452
340
680
589
4031
1874
56
3407
420
181
161
1195
1825
1341
1348
1359
942
966
200
142
817
974
323
37
927
439
1897
147
326
654
361
358
253
828
420
434
1327
104
785
691
292
161
1062
1785
759
877
597
1389
1898
311
206
394
96
1380
1664
4549
302
273
431
449
539
147
32
662
511
1660
1657
136
71
150
1747
302
645
1403
939
1277
881
3103
314
1
1654
432
1193
1550
271
385
3078
1336
1650
1348
125
552
1948
3376
4289
1074
316
397
2560
1238
343
189
3785
643
185
204
1104
3878
277
554
2150
297
156
1992
305
953
453
73
901
313
654
2286
379
849
357
573
163
719
112
6
783
655
135
1486
1052
690
114
2841
332
1861
375
465
2685
939
1683
494
312
2526
1041
840
1099
1354
628
45
713
1536
3295
324
90
147
1205
2544
814
1742
1756
1535
436
445
1708
1989
4402
279
752
887
5429
383
263
2008
257
2525
159
246
452
2291
2914
762
986
2108
1227
400
4256
1357
2302
1094
1597
809
3854
84
1709
932
657
869
619
60
70
611
329
510
1037
1368
2570
437
1258
671
1509
721
522
1074
74
1398
1475
651
1378
357
273
287
1600
738
723
2653
278
1927
1183
1157
58
642
2681
334
281
708
395
20
179
176
306
582
109
482
84
150
234
1953
155
301
1491
133
802
1260
75
1773
2837
262
303
2593
288
615
317
145
99
35
150
541
1416
1209
1197
832
856
745
217
222
455
1971
950
487
117
47
217
367
1206
740
1744
16
293
2286
452
1009
3458
2769
1668
1566
626
530
151
732
34
6
14
2971
1251
222
973
95
1831
450
449
3124
628
87
5
84
293
643
771
177
561
293
361
396
4010
430
1609
594
1254
493
405
554
967
185
2033
150
565
1052
1422
281
8
1942
1204
362
1624
296
3109
220
1880
2430
746
255
1311
1265
2013
631
131
66
789
235
1351
1944
393
1592
475
52
835
52
429
391
364
905
420
1351
726
1506
300
74
42
1080
167
906
564
286
526
2500
1375
2928
2447
1133
2031
798
1039
50
56
3684
2142
1766
1660
1833
1970
172
1427
2080
1077
1440
1962
918
534
1535
2058
1128
32
531
134
1362
106
554
307
25
1386
1252
2199
1118
422
370
432
1737
44
1240
247
176
1075
280
3029
440
627
414
807
480
1295
579
369
511
2064
854
489
1184
1488
4102
190
792
2795
481
423
470
258
71
729
24
6
455
556
165
2108
113
1109
1555
914
257
283
1689
1468
54
659
2356
139
309
20
4573
928
923
615
654
140
454
1243
107
2498
1228
775
298
1075
2252
133
1051
351
118
893
84
277
941
5055
2254
6
87
797
941
1297
4513
1348
2585
105
1843
1587
542
2117
753
642
582
49
253
1349
963
313
1166
4037
1041
1894
627
441
1883
66
2875
1364
750
147
510
1518
1055
2958
30
193
687
235
16
3344
187
29
531
790
215
276
281
827
470
2222
26
2276
708
2022
93
438
3105
257
2538
124
1332
514
278
558
440
396
3053
160
123
1436
871
1323
3552
565
352
371
3658
3186
968
955
110
1168
1316
215
380
54
755
37
314
730
490
175
340
2133
423
5202
745
1187
414
582
1132
1512
257
416
649
348
1073
670
79
3179
792
653
1630
2274
701
270
84
152
1583
1124
667
523
1741
1448
1419
498
14
442
1250
798
925
704
341
796
201
15
570
5205
1481
142
1951
2125
1131
2967
389
1017
2440
519
172
3844
465
768
60
617
207
471
1103
106
515
2998
34
1720
2712
3087
577
662
313
204
54
258
407
267
202
418
1214
257
325
2030
466
846
85
54
98
625
884
1194
415
62
699
1038
502
448
1573
398
992
288
265
239
32
310
51
1048
1233
3933
2203
1299
290
24
986
557
1510
1113
2010
745
234
641
970
6162
913
1208
1035
358
31
78
843
180
617
165
247
443
788
1533
2021
1942
260
1521
2680
147
835
880
447
1649
159
3347
1766
1219
2984
570
1470
387
917
1172
3642
2434
911
556
1085
2251
2349
788
240
251
2009
1863
3626
1334
2199
1462
1858
1992
533
816
1464
783
244
1092
957
308
231
2651
255
3272
2477
387
1463
390
965
2580
1248
253
532
1986
493
967
2057
6132
677
1832
560
1419
566
712
1060
819
1112
708
73
1519
592
683
736
27
205
2178
4401
2060
1262
1564
968
1960
4240
2228
2178
978
5606
266
837
4138
118
337
2612
1248
409
175
991
448
266
273
556
1347
211
1198
89
569
469
3533
478
1263
581
80
1743
1886
376
917
666
943
1803
603
452
1003
288
1070
274
2509
519
90
1293
1260
603
1531
143
271
359
1615
556
759
216
556
848
920
85
615
1341
238
1398
2103
1039
2309
422
1448
94
2938
574
257
23
170
112
43
1173
186
951
495
202
569
2034
569
1815
787
568
219
98
2537
60
1198
1116
591
676
506
1373
307
815
3783
2050
111
173
2435
2269
1130
0
806
407
848
