6953
3044
1693
367
1393
225
198
145
766
278
368
1389
10
363
121
39
2502
401
165
29
516
1965
686
230
2446
298
933
976
2613
260
129
457
2463
172
573
913
763
3
468
180
1269
131
147
1724
118
615
529
569
45
1264
1363
664
1015
2069
4659
1746
1072
2630
151
675
979
1596
2101
1183
1006
340
565
520
1863
183
694
2475
1661
239
1210
44
3823
1129
1586
805
442
1995
55
929
1409
2883
1798
756
802
1769
1008
1608
3043
216
300
2003
1978
358
158
188
263
170
1010
3612
656
859
478
420
389
934
214
1999
95
3016
231
2927
486
431
448
1107
507
37
1290
1093
1169
307
201
2206
1269
417
786
150
877
1529
433
219
4120
129
274
1211
1181
121
1990
2112
514
1315
1335
457
971
9
2341
1199
567
337
1303
65
324
314
80
342
45
40
680
342
599
2153
1479
2449
870
1325
740
1376
288
170
1073
176
1750
89
526
1446
1860
637
595
2618
715
280
311
1987
269
337
3187
516
7160
3003
2888
75
309
1176
870
414
1779
232
1750
1447
255
517
1315
148
2780
1650
834
356
87
2245
362
1
3578
1098
2335
401
363
348
2099
1730
521
1257
5003
215
529
927
432
216
713
30
105
78
956
1964
47
389
418
234
1164
1145
1834
425
935
65
382
54
220
232
398
2560
809
646
33
2182
996
1199
77
1276
16
1823
3031
2695
1308
76
1343
740
3576
1370
1266
868
663
503
678
504
670
1342
217
1668
879
104
3407
762
3129
2029
1185
334
246
3152
398
636
3342
32
1316
386
849
699
736
153
72
758
523
2136
624
798
3132
75
593
514
562
3232
29
187
866
1185
985
618
452
699
751
3109
4197
297
503
230
39
888
11
493
815
1931
1166
359
5196
2748
118
1920
437
506
582
7
236
561
281
1581
1390
4443
525
1186
627
38
1864
756
1663
165
2496
1363
791
134
97
143
1686
687
942
1705
379
1039
446
1747
421
1133
801
449
2538
279
673
1709
1000
53
1521
617
1868
339
52
1053
201
631
941
1672
557
520
471
661
57
173
782
61
461
2320
497
4551
1165
292
3
830
321
1192
790
1111
2626
239
183
2870
968
2049
5
3243
2382
1325
2164
248
151
1229
314
16
289
604
2512
5596
988
131
670
799
1885
726
1233
155
140
2207
61
121
855
1884
1943
295
105
2053
2563
123
1374
203
108
604
4204
123
615
1563
1019
2042
706
2852
1133
739
630
584
302
238
1099
67
978
136
1054
282
684
164
58
82
88
1890
375
2798
770
158
1498
3503
80
478
593
403
1534
1187
974
1881
642
1529
421
741
1556
1326
117
1058
263
1908
1097
2325
822
998
4278
24
130
431
670
14
151
179
1960
894
419
9
2879
216
2415
4320
807
4009
13
973
214
166
1112
577
1378
551
241
2057
1306
10
246
59
1632
1500
3007
1675
161
1484
332
428
132
4038
2017
1021
292
238
543
357
848
183
1604
98
38
183
99
1843
1219
251
3922
223
999
331
750
414
434
371
269
323
892
193
4360
511
1609
621
372
753
314
1147
1533
217
139
1624
1127
593
462
932
461
3378
5125
129
1561
5019
2221
181
2034
446
2703
1988
480
0
1503
883
735
239
223
1662
216
141
1545
759
728
2193
2206
809
369
945
630
3851
3450
721
582
620
4947
1013
375
3972
1226
1258
1194
1495
41
1334
435
3585
152
306
580
628
1191
552
1097
275
411
1306
874
594
7
1008
377
703
1658
400
924
73
1359
1174
53
317
1603
83
62
455
92
458
295
262
833
507
317
317
1477
582
238
1435
832
3526
1008
293
381
66
676
141
1644
675
156
42
307
1748
229
1313
166
1249
1352
959
1465
1874
1243
676
553
142
1034
459
291
1064
1134
1667
355
285
676
2783
704
2113
513
1282
986
1098
1525
634
45
589
531
1159
578
2113
1635
100
553
408
1488
17
1798
229
429
641
1479
518
631
1636
3631
1876
549
3719
549
73
926
463
1172
624
410
1403
1958
328
1746
609
1209
445
1334
141
53
369
560
351
776
3356
25
63
2508
863
840
96
471
1024
618
422
769
282
1295
552
411
980
853
113
361
1021
4230
783
86
620
147
3866
382
319
108
1137
319
48
1059
264
761
192
971
249
491
53
1908
302
214
1558
303
224
65
818
1317
1237
850
1915
586
822
73
478
3138
512
1334
884
466
976
710
3239
725
542
34
273
1235
3012
3959
677
831
207
1741
702
255
391
3267
1794
1255
1391
452
1341
177
335
1295
1459
2410
483
1291
3
560
329
272
49
1573
306
628
226
2166
71
91
288
2106
3194
1971
275
2060
1726
638
1694
2035
2830
69
448
605
457
1128
133
1845
279
155
277
1103
369
71
82
1509
2186
743
698
142
22
1423
510
155
549
645
1231
3203
821
4001
1017
430
108
4331
74
86
39
3828
1056
217
604
1943
23
178
16
709
800
595
1686
1191
2689
2845
762
1408
111
124
1779
3447
273
780
249
492
3750
2272
231
104
546
1137
416
1269
187
302
676
155
4014
604
21
158
1065
1326
777
300
177
333
8
713
92
9
2523
278
530
1459
549
54
1122
1124
43
1236
1337
920
305
4867
1057
427
564
172
297
51
644
490
575
324
807
