4444
1181
616
2320
303
364
148
141
168
1403
487
1912
617
2535
4149
2279
112
692
159
196
2017
121
131
651
257
326
748
1006
169
278
308
945
2557
2588
1182
1223
1691
415
2482
258
865
406
2059
820
600
1098
3856
764
484
1287
1940
1569
7
1507
1888
44
783
1099
1246
1418
1418
898
1287
1524
2409
168
1344
1789
2372
414
2099
2578
31
951
1588
279
967
1348
2002
276
143
2128
1830
218
124
1007
2956
4010
342
184
2818
6742
186
686
895
203
302
1193
1644
147
3016
1846
857
715
2633
452
400
919
434
1046
20
381
67
302
330
322
1364
555
166
49
3541
308
22
2369
498
1982
181
5648
1476
476
433
540
116
430
24
1744
1660
272
90
1144
6
397
1047
353
2543
224
284
872
832
1657
2349
2051
691
223
1596
74
64
495
208
1307
2053
1447
86
168
99
1212
318
3577
604
589
189
1220
1002
3578
1718
41
72
2401
202
3194
272
1039
383
234
708
260
683
907
1942
402
148
253
4437
381
359
1406
1852
1669
292
41
564
2267
99
418
238
194
1443
602
866
965
3043
237
1640
1351
570
857
5950
238
2433
2440
419
980
1314
767
382
3219
442
569
149
376
37
428
60
1553
3377
649
2838
207
163
376
1401
1004
476
59
343
358
3023
18
483
29
344
196
1495
29
119
338
178
1096
793
688
1243
202
1137
2796
1023
403
246
3549
68
702
209
90
282
2774
219
74
1096
2101
268
2394
1287
1199
81
95
146
60
757
9
748
2762
2332
400
2044
432
2208
291
1547
77
174
604
444
201
772
11
2195
612
1554
735
574
1347
431
1145
532
570
109
1333
580
2677
4412
266
2351
20
199
529
339
1606
2581
2075
3088
607
120
767
692
1512
280
8
130
324
310
1132
1163
332
679
1434
1412
2253
993
2055
408
222
1263
1006
7
629
1467
344
1428
3123
237
140
552
113
307
73
486
125
85
1216
38
1766
561
301
267
199
885
1965
242
335
2534
198
622
121
545
3052
2664
853
1364
914
3517
226
289
399
216
1489
168
1941
1358
183
1885
235
557
5062
1096
650
378
128
90
2704
1776
464
58
231
383
2197
1778
415
829
902
1741
366
459
1888
902
4763
853
48
865
189
152
369
1660
349
198
177
164
640
265
524
214
648
297
3228
228
996
1105
490
1866
1628
3467
637
298
3626
1084
490
857
989
1692
5
391
1463
459
713
1002
286
674
2120
425
676
4532
288
4564
2040
100
357
1007
1727
3971
301
1029
1833
96
101
178
739
1566
1540
35
56
369
993
1158
107
503
680
57
882
131
181
118
1506
951
2475
1159
1423
2281
152
1633
308
2189
1506
708
507
611
191
1639
713
512
184
57
1901
4005
1269
1024
1740
1357
229
417
867
642
566
825
60
2060
428
44
59
1103
11
2330
138
325
619
798
2191
156
567
440
502
2325
1306
560
5057
117
597
543
1949
3312
60
1502
1183
190
423
1785
3933
145
526
1
482
1262
583
441
1381
17
160
1817
304
374
2154
3795
412
182
2065
400
418
741
738
1189
46
209
1637
258
742
623
3213
511
151
2031
0
311
795
376
1838
465
1215
2098
1181
59
872
6689
97
875
810
394
1143
1197
1181
1247
1904
559
209
469
207
1592
203
1147
2795
756
958
198
2272
967
64
1458
2353
106
1577
202
234
445
473
1306
1217
1083
142
1243
744
575
682
185
881
227
1313
1158
2411
537
1169
1085
4506
694
301
58
281
168
1340
1706
162
87
484
250
1443
1496
1102
2606
118
493
1925
1042
72
289
174
1566
431
958
3647
119
376
2095
997
971
702
297
107
59
1067
1214
1744
340
1094
649
232
2518
1370
597
306
186
605
761
699
279
482
528
699
2276
434
335
517
465
1740
70
903
15
450
736
12
77
859
973
579
15
320
2311
501
371
516
5
2616
887
181
2004
239
4299
1581
831
110
1441
950
47
440
71
285
256
142
1147
495
351
219
1668
101
152
93
1057
825
232
722
545
1245
251
629
931
1601
221
480
482
597
176
1561
2462
169
2013
1506
158
711
630
844
557
202
1028
2003
132
171
17
351
815
4152
962
1073
2694
1153
259
744
1939
255
244
167
1647
73
108
42
8
1622
1167
19
2807
319
783
6583
1384
1378
370
1469
547
178
242
2981
2095
284
4243
1450
311
726
719
688
294
641
530
103
576
110
621
992
1163
718
745
476
483
367
2676
64
5735
1349
957
308
1176
1518
340
451
890
827
447
248
1290
1185
507
801
1218
54
858
1400
308
762
1426
1751
203
1380
393
781
1098
1426
1156
183
780
26
222
129
1431
2589
3976
3225
626
1763
140
1028
926
63
500
205
2575
5308
1858
2297
401
638
120
420
3230
1261
681
4026
430
179
57
1106
634
472
205
610
288
727
2618
505
1346
1053
1499
276
830
1062
3460
262
1022
286
253
160
1751
2319
419
1710
4531
90
660
95
1113
2647
282
782
364
1570
686
91
294
26
360
817
1037
569
88
82
811
29
680
165
1256
700
120
538
2777
2001
192
2940
271
1412
1956
287
532
260
1229
1530
2254
96
550
63
212
389
2061
1723
4318
164
296
1358
2297
172
396
989
1948
1324
299
3131
460
325
401
36
