6867
704
702
592
1083
498
486
2838
28
1975
1046
1226
851
594
150
24
2583
1560
485
98
583
99
828
89
2420
2393
260
1875
109
1977
0
1365
2610
140
332
1
1442
556
76
988
458
1062
635
2969
2393
3136
79
4550
762
777
769
4486
1506
2188
3115
1115
2264
488
533
796
362
920
2515
1140
971
54
2008
1097
1159
404
1621
677
1043
1323
838
179
513
144
446
138
1541
1184
261
924
624
146
527
465
636
1231
1509
2164
527
2658
890
2046
1096
1502
754
2405
471
1805
1442
2608
271
456
246
1414
2253
562
27
205
66
2558
15
4405
1702
1100
807
637
765
1766
36
3332
70
619
774
1694
6976
373
605
275
212
1085
822
1310
498
50
1446
942
72
167
54
1724
1245
1567
1956
1631
979
1832
546
41
262
541
638
227
1013
223
2328
3256
446
2207
35
751
509
486
423
167
368
301
3227
202
28
1390
709
157
755
541
1232
829
2292
342
625
1165
431
141
2565
732
1860
410
135
3106
53
937
6626
1367
1765
449
998
436
880
4479
574
20
696
3750
3602
73
277
288
655
2201
991
285
1108
1769
767
1548
2375
1248
425
2594
260
550
422
38
790
306
1233
1345
936
2958
852
337
1673
515
539
2600
918
2868
54
34
3177
767
35
626
695
963
121
621
81
682
677
72
1371
1510
823
985
979
1565
576
3023
610
1315
220
242
1871
901
797
1151
881
13
312
2312
951
1013
726
799
2916
165
8
2069
2347
2118
634
763
1140
128
1069
148
929
2425
28
423
1283
1127
874
566
800
8
386
84
564
903
177
3938
981
410
1165
1049
5249
1445
4071
352
450
866
1016
1912
1853
556
1998
2448
2071
388
186
712
346
453
1345
1409
410
1168
435
2443
1368
166
1524
538
750
1237
4011
1207
118
1711
58
144
250
1508
137
1092
1290
87
327
581
915
1390
1874
64
602
148
803
1333
783
1156
395
71
159
619
2045
1275
601
576
1738
311
720
120
138
1063
311
1593
1893
321
3269
166
2743
686
403
474
3262
989
2478
1321
23
2494
193
111
2484
558
619
244
403
1914
811
155
310
2376
423
5655
194
92
443
1714
129
127
161
86
1808
11
634
898
2530
1417
1731
79
2019
1019
1372
145
384
1156
1314
190
1327
681
328
1971
2316
21
78
503
1858
109
1050
682
5
544
160
162
159
2142
321
5124
20
1586
269
1156
1849
138
110
2194
432
876
146
539
101
1282
834
1231
52
2917
157
916
1845
1602
1487
1014
171
1538
334
206
94
840
2210
550
92
1268
300
59
500
990
1529
937
1010
1552
88
444
182
86
249
394
210
1793
462
2934
1759
5416
400
247
560
2789
3654
194
1413
1480
161
837
123
568
10
992
51
303
1911
176
3
258
79
337
101
42
773
300
478
1130
4618
231
44
502
1015
1752
1076
1433
1110
226
735
617
382
291
1084
676
130
453
3244
1538
525
502
150
2829
882
161
3435
1266
3416
700
112
554
93
976
518
270
642
122
273
219
272
379
350
549
265
395
453
14
3213
2272
139
1460
688
1296
1176
223
4678
2035
226
659
578
118
1453
900
605
2882
1434
1770
242
128
951
44
1417
1480
1578
361
182
66
72
1171
1340
422
300
668
662
5187
103
727
214
299
928
1019
1056
774
27
1018
346
199
1315
102
667
403
3010
834
1101
256
320
1545
273
229
2192
593
246
250
2735
997
1484
505
503
1247
739
2316
2346
3781
2267
738
1181
2398
2470
944
2847
668
313
151
293
43
902
838
1011
753
933
455
1971
572
57
296
1180
13
489
926
656
175
4048
1922
770
520
730
345
278
2598
115
105
125
714
1420
1059
192
1795
1194
1920
2803
384
2512
818
428
197
53
785
114
590
256
1675
50
709
25
6568
519
3970
117
886
159
877
3328
629
1027
2924
18
389
2475
2055
2401
1230
3254
457
2602
644
1479
1637
255
1229
594
716
673
121
344
1867
91
437
3276
579
412
1621
597
788
264
1472
798
563
164
534
1818
283
92
378
37
2606
2745
694
756
47
863
2444
2839
3323
977
839
709
328
3645
506
235
1197
1434
59
965
1535
18
1175
2048
1628
1404
527
372
514
2591
442
1315
1289
2369
739
295
829
465
95
699
177
2357
1086
1674
40
231
2012
702
744
2724
783
1241
861
899
1821
97
569
2201
187
2265
70
442
963
124
2390
446
62
3117
76
7640
2562
1351
86
1737
13
989
3529
383
429
913
859
895
3230
1353
299
630
1962
600
681
7135
968
372
1304
1610
220
619
2372
2217
106
585
512
393
553
2021
197
114
522
458
492
806
1833
975
1904
227
383
43
1077
124
559
638
320
151
296
1427
37
1167
448
1349
1678
57
369
291
35
784
1990
1095
170
248
755
160
48
2673
133
489
525
103
897
3122
1402
40
1952
2289
1267
1017
2693
1007
1756
235
8
344
1566
1446
540
1376
810
40
496
2011
94
365
1386
161
208
699
950
140
171
624
523
61
250
50
22
228
1809
472
3466
18
313
935
92
429
672
381
667
1294
1528
60
625
1242
806
545
32
2870
1524
260
63
312
1045
1399
755
139
5
1189
296
225
1768
414
1672
367
215
39
99
415
678
280
37
269
143
2312
758
