1001.13
20072
23556.4
18685.6
21873.2
3383.76
15792.4
29171.2
20623.6
27408
25049.5
28733.3
27169.9
25258.2
26433.6
4066.93
13809
15110.7
26949.4
1208.43
24061.4
8506.36
10362.3
28028
4554.46
29885.5
19126.2
2224.56
21250.8
11880.6
26483.6
3194.27
21094.9
1890.35
1137.3
17565.6
19457.7
6574.93
28903.7
19729
12844
7796.63
1023.45
18186
5266.79
24952.7
24900.7
20805.6
11309.5
26191.3
19440.6
8492.71
13049.9
15984.6
11096.9
20661.7
28540.2
29353.1
3450.15
29619.5
14396.7
2634.58
10371
28812.2
18627
23791.9
2963.5
28540.8
10847.3
29926.7
15900.5
19029.8
7455.98
17583.1
23466.4
14155.6
10469.3
28795.5
27807.7
13972
29197.1
20565
27206
22032.7
16133.8
25328.8
24776.1
15404.8
9729.83
12194.4
22830.7
1387
9311.04
20643.2
8204.56
12990.9
10872.8
24748.4
12877.9
25691.6
3066.59
21195.8
15426.1
20812.5
11832.2
25453.4
29689.7
5040.51
20854.2
16334.3
1589.29
16272.6
7923.9
22925.5
28460.9
1581.6
2960.78
11807.2
10986.3
17119.8
8980
24819.4
18279.9
18192.6
1577.1
14305.5
7502.73
20421.9
29300.9
24775.1
27461.2
18715.1
25300.6
14085.8
26986.7
18696.6
4035.29
4157.35
25558.3
25148.7
13275.7
13118
1341.12
21126
3342.24
13963.1
23721.1
2209.73
3956.38
11832.3
27036.7
18317.8
17872.2
10474
20109
19633.7
5960.95
4623.01
21916.6
7827.68
29747.5
19477.8
25951.9
26766.9
7574.76
13041.2
15142.3
6510.93
26254.2
4070.91
22753.2
3422.33
26054
3784.84
28733.2
25426.9
19167
21949.6
12591.4
24506.9
13900.1
8194.44
16993
22695.1
14056.5
27132.6
5968.81
20826.3
11977.2
25639
17390.2
28409.5
6870.12
2097.14
25562.3
4812.55
17569.2
20939.3
24989.8
9996.43
27019.3
16662.3
4022.34
18509.1
13219.7
29083.1
18011
22091.5
18950.5
8474.54
26588.3
22075.4
9857.76
16302.4
16144.8
6880.88
8902.22
22540.6
27162.1
10064.4
9717.63
10146.6
27408.2
27286.5
12414.8
15098.1
17638.6
28694.5
11860.7
10026.4
8309.47
7301.73
6089.4
17598.9
28143.4
29571.8
26018.3
12965.9
26023.8
17323.5
10340.9
16466
10505.2
22708.4
5079.26
5085.61
24927.7
10201.2
17079.2
21327.8
1275.1
13607.7
24629.6
17093
21995.7
3293.88
13285.1
25479.2
29275.8
8971.65
29555
4201
5286.68
11232.7
11492.9
6025.43
15385.2
28497.5
8233.59
7877.18
20718.6
28451.8
22324.6
21356.6
21842.9
17242
3341.29
27065.4
7364.78
21812.1
21629.5
25410.2
29545.4
15792.8
6191.45
21772.8
27731.2
3573.3
11477.7
11574.6
16409.5
19047.6
15822.4
11420.1
29123
22338.7
27224.7
17906.9
13959.4
19436.1
19939.1
6680.45
4396.42
12559.7
14702.7
12955.6
26808.4
9404.09
18491.3
4562.78
24583.4
24008.3
15247.5
5564.42
10267.8
5994.52
17855.2
14890.2
3335.39
14856.6
18530.1
18012.8
23631.2
28532.4
14130.3
20463.6
5710.11
22865.7
9317.29
9676.11
8331.77
5107.84
21470
13909.4
19524.3
24382
3909.1
29257
12952.1
26387.2
6827.85
16674.7
9251.34
3286.24
29761.1
16833.8
16394.5
27066.1
20670.4
29679.6
10211.9
23470.2
20488.7
21658.8
26135.9
16304.2
18120.3
3496.11
19047.3
11406.6
5635.15
9953.93
8732.33
9224.27
12234.7
3699.37
13279.7
22240.1
22288.2
17987.5
4225.34
8314.76
9189.96
15590.9
6544.55
11299.2
27121.1
16863.4
19938.1
18853.1
23438.2
4423.92
10906.8
16148.4
8594.84
18451.2
25916.5
13200.6
26149.3
9970.7
29474.7
17973.2
25723.8
21629.8
2023.74
9939.67
1063.04
16550.2
5913.18
13789.8
11566.9
2305.19
13372.4
13900.3
11520.8
11704.4
22536.5
16355.1
2547.53
26400.3
23125.5
25667.5
4171.08
24403.2
12333.6
12340
4408.79
17589
6616.41
29998.8
9972.41
29242.3
26199.9
20515.3
4198.29
17601
4204.87
12229.9
10061.8
22965.2
28779.6
21736.3
22706.1
23672.3
23069.8
18231.6
18106.6
4803.73
14272
24672.9
20839.7
4510.65
18545.5
15484.9
23483.9
18600.1
5083.29
14861.4
11920.8
5071.76
24034.6
23119.9
18608.1
24896.2
4246.31
12664.8
10633.1
27121.4
21221.1
6187.18
7857.23
4508.29
7847.29
11357.4
19944.1
3746.14
16365.4
2343.94
26662.6
24485.1
24417.2
14657.4
5650.15
1078.36
12980.9
16625.3
19711
29520
24857.4
18540.5
19465.1
15203.1
13002.6
4684.6
13098.1
14240.4
15958.2
1946.26
12813.9
22555.5
15889.8
13161.7
10099.2
13914.8
24041.7
26199.2
7471.16
11736.2
5700.46
5674.65
6771.91
4554.17
24921.3
19294.4
17618.1
2984.32
1526.09
27042.1
22414
15776.8
26876.5
23202
7828.2
9476.75
21656.3
12743.2
23268.8
27843.2
1856.77
16809.5
13664.2
16871.6
12239.3
22553.7
15105.5
25569.5
10419.3
29769.8
18431.5
13918.7
2485.4
26191
15373.4
3920.22
13125.9
18481.3
10838.1
21393.7
6735.32
27585.6
21733.7
8877.59
14624.6
6057.6
5063.9
7962.06
26272.8
27253.6
10411
5817.03
21824.7
29828.3
15205.5
24260
11988.1
6537.36
6484.04
9230.59
2545.88
27647.7
21790.5
5215.84
9585.57
23658.5
22750.5
17425.2
8624.6
25655.3
1527.67
24498.2
13784
1340.86
16802.8
16947.2
6746.86
18521.2
14526.8
14659
4153.96
26618.8
13243.1
15704.3
27401
23103.2
29328.5
25355.5
9552.54
19533.9
10872.9
25285.8
26810.7
19281.6
4080.41
8488.66
2823.81
29840.4
14972.8
28608.4
15000.1
24191.9
27909.9
20303
3680.07
7945.56
10062.4
5330.89
29287.2
27128.6
26363.1
7089.85
12100.5
10224.4
1724.91
4514.58
26512.8
28788
18133.7
26214.1
26325.3
9705.33
6399.2
4315.5
15673.7
5671.17
6358.01
8013.22
16256.2
22450
12522.2
21298.2
25998.6
29503.2
3998.79
28717.6
23538.9
13514.8
29541.3
6205.86
2947.11
14091.7
10238.3
3453.16
22327.5
11798.6
11306
26278.5
6539.75
17545.4
26721
20387.5
2719.5
16555.2
2891.71
10955.4
19865.9
22921.9
26049.7
18601.2
24489.7
15062.5
28359.4
7277.95
12517.6
1964.52
29755.9
17066.4
9446.01
27046.1
2106.88
15330.5
8976.13
17905.3
14685.7
17778.5
1789.65
19665.3
16128.3
18937.6
23668.8
22053.1
11136.5
19469.7
4686.32
12960
14316.1
12121.7
18213.1
26764.3
22797.8
28899.5
7236.91
18779.1
27216.6
25983.4
6778.71
2760.09
2780.29
23255.7
10761.2
4618.14
27160.5
11197.5
28808.4
12439.2
17915.5
13639.6
10277.4
22364.8
1833.11
25127
24722.5
13169
17042.3
11451.1
28584.9
25778.8
17735.7
6496.95
23218.6
25200.6
16092.6
27828.2
10253
18123.9
5674.89
10882.7
16497.5
18813.2
20853.5
5352.84
21174.1
27831.6
9730
15027
10987.4
7692.58
21274.7
7435.2
16436
29592.7
28545.3
28568.6
13287
28166.4
11465.7
12243.1
28102.5
9026.75
27534.7
7935.39
13098.5
22215.1
7588.64
14246.5
2129.51
18676.4
11995.9
20394.8
8849.21
1595.65
7045.84
26380.3
6828
19253
17038
26064.1
28449.4
10268.3
13678.6
27823.7
21234.6
29457.1
12250.4
7286.88
17623.2
29892.5
21275.8
26522
10688.7
4154.93
13901.5
3153.97
10800.7
29645.2
11113.3
5656.19
15509.6
2304.84
7387.79
2637.62
3558.32
20618.4
25752.2
6696.69
16198.2
5717.63
4214.43
27848.5
4064.57
3267
25400.2
5629.59
3591.77
2910.71
11379.8
19682.2
8952.18
21232.2
18446.7
8195.21
29854.8
26012
23395.5
11891.1
28938.2
20018.7
10658.7
22545.2
17284.5
21904.3
4022.2
16105.1
6039.27
15929.6
14380.9
28563.4
13229
10562.5
29098.5
15860.8
18449.7
29874.2
2973.76
26935.5
29185.4
26201.2
12758.5
19913
3078.64
20785.2
16132.5
2436.27
12361.8
22187.8
14038.7
18097.9
4978.23
18095.7
24994.8
7207.37
15337.1
4385.85
8935.81
7084.46
8570.87
21574.7
4755.8
20758.8
8608.71
19627.5
17610.7
23756.3
14555.8
10097.3
11096.8
19673.9
15401.8
17995.1
15816.7
2791.89
15371.6
3455.43
2477.97
17205.2
22458
1743.89
4563.18
2380.75
7298.95
17506.7
15333.7
4385.92
10221.3
7956.53
20346.4
8443.56
27852.7
16324.2
6179.66
26515.7
21031.2
4244.94
18682.1
20827.4
1024.74
10858.4
13404.1
24270.9
21749.2
7831.39
5177.05
24678.7
1839.86
22498.6
16123.5
25532.4
24510.1
11052.9
6616.23
26891
5712.71
8528.69
8618.7
13555.5
16685.1
11052.3
25064
9878.58
18277.4
5642.43
16323.3
19979.2
12606.1
10314.9
14055.3
6927.26
5385.95
26700.4
21666.2
5247.65
22200.5
23538.2
3317.75
8378.48
7140.41
20880.2
18657.8
19404.4
9858.94
7180.18
22273.8
8720.34
10822.4
17501.1
8593.86
2080.67
9736.86
14460.3
28184
16142.6
26984.6
12828.3
3497.36
11112.6
23508.4
23015.3
1847.73
9730.23
19007
29774.6
12243.4
4846.71
11663.7
5513.24
19972.2
10921.2
26330.6
12465.1
18946.3
24540.1
21859.4
4458.97
19868.4
8047.44
11396.5
10704.9
14627.6
27831.6
10485.3
7994.24
16263.9
6587.72
11806.6
29739
22935.2
17101.6
20833.4
15347
25186.5
10776.5
28890.4
27137.4
29419.9
23668.5
17898.7
20757.6
17440.4
2813.96
9214
13731.1
