1022.7
5459.59
17257
23793.2
25768.9
26131.8
5874.82
7087.04
22835.1
17655.8
26253.8
25888.6
7855.72
8081.66
6493.34
20546
26828.7
3651.43
19654
28126.8
12221.9
20012.1
15074.7
1893.24
20701.6
4077.94
25015.4
5725.29
16931.6
5701.35
20650.7
18052.9
1376.84
12565.5
24173.3
5482.51
25623.4
15676.5
23363.5
24093.5
25849.4
15932.9
12463.5
20587.8
4312.88
29643.9
18986.3
29013.2
3370.54
25615.8
4026.98
9375.91
8977.57
12995.5
1706.98
22180.1
29203.7
16352.3
14720.2
17095.1
27631.6
12697.7
13043.7
28171.8
15213.2
8920.64
13127.5
16157.2
11732.2
26196.4
18859.4
14170.7
3278.73
19596.9
25542.5
19600.2
23857.4
2758.68
8202.06
28962
13655.9
22899.9
5104.06
15906.8
7844.86
28585
28306.2
12072.6
5736.57
3560.35
25735
7365.25
29815.8
8523.89
15053.7
25904.8
18807.8
16437.8
1499.84
20847.4
18861.9
27505.3
5786.23
26183.1
27662.3
6625.24
4390.38
27089.3
3413.24
18312
6513.21
6499.1
1379.08
21245
2322.79
19162.3
1410.32
24221.2
26950.5
20498.6
14192.4
20331.5
18321.4
19876.7
1684.98
29423.5
26951.3
3881.13
23098.7
11345.7
26568.1
2408
1311.92
23432.7
26619.4
23440.2
7881.01
27189.7
9918.55
23070
22124.5
22029.3
16685.9
23747.8
16299.1
19398.7
29236.4
14695.7
11212.7
23288.3
6635.17
26295
23156.9
2222.25
11438.7
22934.6
8124.65
3928.59
8782.54
12157.4
8668.89
16110.9
16642.9
26915.4
9634.12
27739.1
21381.7
8362.47
28116
4000.53
28960.9
23097.7
22733.9
28349
4954.06
17921.9
4401.11
4385.27
28280.5
14368.3
18584.5
4589.76
14091.6
7783.47
11787.3
24742.6
2826.19
11802.9
26122.2
18803
22335.4
28909.8
5726.01
28973.4
1918.84
16010.1
5373.19
15160
13584.6
13140.2
26383
23648.8
4942.18
21205
25245.3
13273.6
6073.06
3923.28
6640.11
22293
13252
19597
28157.1
28722.5
18454.7
27630.5
22749.5
29517.3
7513.72
2032.01
4002.08
26019.4
1287.17
13537.1
26606.6
11761.7
29522.1
2662
7296.34
2625.13
25539.7
1762.64
29770.4
28221.8
14340.5
16202.9
25879.3
25083.5
19029.4
28692.6
10321
29467
3302.36
10797.4
3280.97
28301.4
17273
1684.67
24187.9
17858.1
5738.89
13539.5
9248.3
10171.5
11632.7
5949.7
18582.5
29341.7
14954.8
16363.6
29332.8
11178.3
25700.3
3792.69
15685.3
26704.2
27708.9
5781.71
8236.64
1180.73
22592.2
23500.5
6950.03
11072.3
12847.3
5356.23
20208
2665.38
5959.9
15996.7
11590.5
22713.4
1447.71
14617
23619.4
4448.96
25591.8
7746.1
21716.5
9575.21
23498.9
9128.92
4828.68
27686
27512.8
15925
25217.3
5575.55
23282.6
28336.8
3269.34
6865.25
7203.05
29645.1
10416
3216.81
22884.7
10072.2
24577.3
8814.47
26856.7
9809.74
21227.7
29638.2
10038.5
9311.48
28051.3
19573.6
11191.6
16432.6
29069.9
28034
18760.5
5137.83
3537.32
15752.7
28533
23513.9
29116
21234.9
6622.64
18727.4
27798.8
8655.82
28327.3
18608.8
6361.36
6444.37
9485.67
26696.6
15100.7
2909.47
19434.4
20723.5
24558.8
16426.4
12249.2
14607.9
14875.1
10918.2
3655.96
8734.12
10357.2
1053.77
5781.64
7031
9058.67
13022.8
24729.7
18107.6
22060.3
16627.1
21599.3
11320.9
15369.3
23021.7
21457.4
3886.86
3477.93
3610.48
27302.7
23221.6
18082.9
14100.7
17123.3
9822.41
2300.33
18721.6
18211.9
6050.61
3538.85
12451.7
25425.1
18469.8
20134.9
19749.3
6365.1
11245
16518.5
23925.8
21350.1
28786.4
19934.9
23501.4
21650.1
23811.9
21062.2
2588.31
15804.6
2356.39
3855.07
20219.6
22449.2
27803.3
27074.4
14104.5
22831.9
21229.2
25535.3
14952.1
29494.9
8908.69
15263.1
6377.52
16989.7
26094.2
12731.8
6549.91
14334.9
9230.64
3446.48
25966.3
8987
26576.9
4935.29
21437.6
18994.1
15678.4
26036.2
23133.5
16487.1
17186.6
28704.5
6485.9
11540.1
17223.7
15456.2
4020.06
9169.07
12628.1
3908.52
19535.7
12180.1
14711.1
9541.86
14072.4
5285.46
19795.6
2209.7
3506.08
12673.9
19697
26615.2
10192.8
20827
23133
6667.67
21493.5
2578.74
28888.9
3024.68
12742.7
15802.6
25946.3
19998
9991.02
23083
7220.76
8255.54
28830.1
29469.4
16026.9
25650.8
12596.4
21645.2
28518.4
10470.1
12802.6
7463.46
27387.8
4452.47
26615.8
20912.8
14793.3
27479.4
5467.24
29894.3
21914.9
8786.41
19245.8
12825.7
18764
5399.22
17665.1
9084.1
5483.34
10458.4
19993.1
15365.7
19651.8
20602.5
20378
17855.5
20177.6
12165.9
7274.23
8029.2
23801.9
27337.5
28392
3965.35
17704.2
28053.9
4524.84
24961.9
5610.27
26811.6
6063.09
10358.4
20925
17291.4
22049.4
6807.92
29791.9
12097.8
22077.5
15464.7
1434.29
21073.1
13133.8
5335.35
17223.5
10807.9
7086.49
13589.5
8273.96
19518.7
16422
26310.2
17404.3
5284.14
26535.6
7086.02
5738.31
3770.93
27037.7
5912.82
7696.28
25312.8
15450.9
3090.53
17513
4439.23
7206.06
22171.5
1111.12
12511
7615.19
25510.7
6498.69
23443.7
9624.03
2987.45
25046.9
12609.8
14919.5
2303.41
12386.5
2940.66
21663.4
15706.3
2068.06
29860.8
9946.42
27470.7
5467.43
4111.04
1177.89
3739.83
26352
24143.3
23059.4
16517.8
11143.2
15315.2
11779.9
16579.3
1060.93
10042.1
11054.5
3856.3
11758.3
29653
26161.8
17029.9
6163.99
24257.3
24945.2
14471.4
11057.9
2490.8
29865.9
9365.27
4169.78
2462.11
11727.5
5163.2
23930.9
20071.8
3075.12
19565.1
13138.2
21633.2
29419.2
13297.1
25101.3
28296.4
20846.4
1605.35
25142.9
2759.2
16935.7
16624.6
9223.4
26687.9
13793.5
16069.8
21611.7
16230.3
23205.9
15120
9518.26
23384
20287.3
28984.3
11069.8
29653.7
9834.81
7645.54
13577.1
2725.4
28787.6
11422.8
17255.4
25449.2
17713.9
18176.1
14447.3
12583.6
9589.08
24718.8
8230.3
10717
16225.2
24048.5
24833.6
24293.2
19598.9
1603.99
2249.43
4126.17
23609
2706.1
23353.6
2827.97
12692.6
14699.7
21395.1
2058
5748.23
25494
16405.6
11349
24026
23672
18915.4
27881.7
11297.7
1846.34
15492.4
4585.76
4882.31
1030.04
12811.3
8073.35
11802.7
21793.5
27846.9
5923.91
20079.2
12807.2
26869.8
26281.7
1833.33
28796.5
16099.9
6213.69
18467.7
13859.8
27442
15171.3
29649.8
2630.12
22396.6
13278.7
5244.98
6345.68
3801.03
10866.2
28990
20627.7
7972.49
27645.3
10053.7
3471.79
16331.5
13326.2
19929.5
18591.8
11242.4
29947
8753.39
15295.6
1583.3
2495.01
13615.1
4365.97
22782.9
10684.5
21179.2
27047.1
19566.8
13544.9
12748.9
3571.75
14393.8
12134.5
1377.47
23152.9
23430
10205.4
29513.1
24857.6
21126.1
4329.99
27087
22965
25148.2
4182.61
15150.1
21385.1
8042.83
20874.7
13109.1
26078.7
12441.6
1661.17
6261.81
15205.6
26700.3
20533.2
15789.4
8196.08
15569.4
21884.2
15323.7
10196.5
24734.3
8927.2
7360.64
10336.9
6951.68
9961.02
11942.4
20294.3
1908.12
9800.61
12890.1
27870.2
20652.5
19737.8
16271.9
26226.4
29585.3
20875.9
4335.54
4415.78
19008.8
1181.32
3361.63
20945.9
21125.8
27745.5
12956.6
14969.9
8461.21
5598.84
8763.62
13232.7
14673.2
10777.4
15642.8
9158.04
1138.49
8670.16
8368.63
15492.9
12880
2464.88
29281.8
23642.5
16098.1
4819.26
14228.1
11484.5
10136.4
1567.08
19866.4
1975.72
14968.5
14010.1
1466.57
12688.3
29755.1
2889.25
27547.5
19352.4
5008.49
4680.46
1557.44
2949.51
25461.7
24569.8
27959.6
14869.3
28872.1
11014.2
22958.6
4579.83
21187.6
23154
12390.4
9622.42
5079.19
4010.71
25997.4
8870.11
4921.58
23035.7
24856.1
25135.2
18999.2
14138.5
13868.7
3619.52
5325.01
17376.2
26056.6
18281.5
15955.6
17256.5
14496.8
2937.4
24851.9
12468.9
24320.8
17855.2
14192.9
29896
22234.4
14066.7
24982.5
4244.39
9476.4
15831.5
19002.3
8909.16
23295.8
17558.4
13589.5
7968.92
25706.2
15413.2
6069.15
25167.3
6738.72
26677.6
16088.8
23121.9
24098.8
28957.8
29699
17532.5
12979.9
29995.6
13400.6
23196.1
24068.1
6007.78
8718.23
4358.45
12451.6
24844.1
26094.2
12354.1
10059
5621.48
12256.6
23134.4
1060.69
6073.82
16647.8
22179.9
24962.2
11188.2
17318.7
16529
25523.4
18235.2
21302.1
4994.26
26600.2
18763.3
22772
1736.92
3414.89
17099
7644.09
18196.3
5005.1
5675.55
22031.2
20462.5
16982.1
14619
28354.8
15528.7
4628.53
27770.3
23966.6
10629.2
19364.7
9859.82
21981.9
3962.37
25606.3
18291.5
9970.79
2137.26
3888.99
10232.4
19344.5
17646.1
8590.65
6002.69
10243.6
4382.7
13983.6
19987.5
7986.7
5442.33
17221.1
28878
23244.8
29971.1
8084.67
28107.6
8532.76
19033.6
12452.8
14443.6
8443.84
3638.25
1090.33
11200.5
22257.2
19615
11858.8
8152.59
9651.12
23337.4
21305.1
25737
11490.5
24255.3
20035.5
2785.41
22400.4
19408.5
20549.8
4604.24
25490.3
12890.5
5195.49
15636
10233.1
2625.31
28611.9
16133.1
12371.9
