1340.45
9894.01
16650.2
3848.3
22402.2
21151.5
26001.9
26184.7
25512.5
8125.53
18817.5
5281.83
16636.4
3296.63
1457.43
3967.63
26924.3
15502.3
25720.5
24825.5
4857.96
26690.3
26430.9
16123.4
23411.7
21913.5
14713
11604.5
25487.5
22942.4
22301.6
12264
3248.42
3179.8
9884.96
9532.78
6344.92
20142.5
3422.17
23392.2
13198.5
20310
4696.72
13766
16912.9
10669.6
1613.35
14508.1
18857.4
8999.53
5165.65
7037.41
29779.5
7420.74
5389.52
28741.2
14241.8
10656.2
9341.35
8019.64
8019.92
12806.2
9003.11
7315.38
3605.2
25512.5
8561.3
5843.56
3703.23
20168.5
4554.6
3201.65
29094.8
12200.4
6924.85
22933.1
12017.6
8526.74
4914.68
22999.5
26135.1
4451.22
5651.53
24319.5
26599.7
11587.6
2508.09
1525.77
21594.9
25120.5
2730.65
1034.22
25067.7
15601.6
12848.5
24660.9
22437.8
9791.61
6600.64
26012.5
2420.34
5574.96
13303.5
15180
3082.02
19437.8
20432.9
12567
19772
11187.1
29404.2
20792.8
28101.5
22419.5
21848.4
22006.3
8406.71
17641.9
25556.8
28605.9
1839.85
22306.1
29346.2
3711.76
18610.4
4995.91
25191.1
1102.2
7621.71
19003
19803.5
17897.4
26800.4
19862.8
29284.2
6066.31
6509.02
23087.6
27498.6
10231.3
29809.6
20493.3
11171.1
21357.2
3279
24176.1
22826.2
13123.9
13615.3
6530.3
3767.88
4726.16
15522.9
24180.3
6876.83
27931.1
28175.5
18670.2
24546.3
8844.21
4718.8
7817.2
27597.9
25510.2
27241.5
9626.89
22088.8
1810.19
16846
17091.4
24988
9560.7
11646.2
1809.56
6202.23
28824.8
27981.4
3625.85
24680.4
2188.44
23074.6
11259.1
20759.7
23947.9
15277.9
23357.8
15639.6
12702.4
5156.09
20394.1
25989.6
23512.2
1342.82
20792.4
21245.4
8104.04
5548.67
6462.41
22652.9
28815.6
17494
4003.88
27257.6
20085.1
23846.7
24867.1
7849.34
16869.9
13198
12044.8
2381.74
23880.1
6622.03
8508.5
17392.7
13302.6
1075.55
23838.5
3543.5
3525.5
20067.1
11877.8
8791.3
14466.8
20775.7
2158.9
19632.6
17407.3
25968.8
20898.1
28941.7
19902.4
28295.6
7134.11
1989.6
16141.1
2697.54
24557.6
25635.7
20905.5
8140.63
11619.6
19008.6
28315.4
21572.3
21257.1
2409.68
29461
18874.1
29160.9
21553.5
24830.9
7501.53
29166.4
26724.6
21665.7
25264.2
10687.6
14119.6
15568.7
9363.04
24694.7
10293.5
2769.23
11424.7
20378.4
23665.8
1833.29
28066.6
15360.8
24518
27495.9
22868.7
2809.68
24295.5
27907.6
10687
4547.16
23163.8
3645.62
9006.71
9741.1
27722.2
27366.7
26038.2
28304.7
14600.1
29712.7
14714.2
2830.89
3813.67
20423.9
4752.29
19814.7
4184.78
22667.1
7171.88
27844.6
25359.4
16844.4
19589.9
24700.1
14389.6
29667.2
4227.57
16714.2
7129.7
14903.1
17323.4
8539.71
19832.3
10227.1
18022.8
17384.9
26986.1
8644.8
17229.9
2992.94
1351.59
23213.9
3760.72
29416.5
24743.5
18078.2
21654.2
6816.7
3195.02
4640.82
2320.93
16796.5
26708.6
14461.3
15503
7389
22908.3
29746.1
26450.2
21962.3
22265.3
10347.4
10060
21803.2
15703.2
7907.48
8065.99
4046.1
11739.6
4712.64
20273.2
24220.2
9200.07
11596.1
29793.9
16455.4
7687.42
21550.8
7952
2276.48
23858.8
26203.2
17697.2
26892
22330.2
27951.2
18820.5
26576.5
27624.5
9589.33
28916.7
5958.26
17536.5
22450.7
23184.1
24765.6
12964.7
5063.11
23751.6
21731.7
3299.74
24767.6
16567
26684.6
17802.7
2370.14
3019.54
13356.5
8409.87
12615.9
1860.66
24129.5
22711
20447.5
24361.5
7541
25512.3
5162.28
8453.75
25136.2
5403.04
23925.6
17602.5
1183.48
10686
16138.7
20854.8
26502.3
27480.9
2939.72
5906.6
19222.6
28339.7
24012.1
20767.2
4221.75
5896.3
20138
13648.4
12761.1
6084.43
21092.5
19321.3
5386.85
12755.7
1247.48
13357.7
28615.2
13198.8
24987.3
25887.7
21045.1
6510.65
21453.4
24775
25282.3
25590.6
16287.3
23233.7
18169.8
24412.1
16168.2
22539.1
2148.81
24065
11701.9
10596.4
18755.4
5486.56
6688.93
1905.06
16337.3
22506.3
1771.87
10808.6
18750.7
13301.5
11781.1
6338.6
29845.9
20608.7
7711.45
19313.3
15206.4
11637.1
22785
15768.5
4477.95
19955.2
15744.2
1311.88
22725.4
1302.18
4769.99
27237
21276.6
11589.5
6154.02
1546.53
22455.1
11360
5636.18
27334
27201
25257.5
14842.1
7055.05
7213.36
28976.7
28413.8
21047.2
11739.9
10101.7
27031.5
18521.3
15688.8
28389.1
13000.4
26429.7
25187.5
26754.8
7429.77
12201.9
3438.63
10097.1
7988.34
3960.67
25904.1
6664.26
22292.5
4245.99
7428.23
15274.1
18462.7
16736
24937.8
6627.61
15212
18376.9
25104.7
28383.5
5330.97
1528.48
9151.75
11408.3
6085.41
8462.31
24046.5
20098.2
13184.5
16257.6
17453.1
13708
28302.4
4693.63
19888.7
28731.7
28332
10619.5
29663.7
3820.92
26244.9
21937.8
16600.8
14046.5
4240.19
25792.6
17444.9
19663.7
18539.6
3835.42
8853.61
17559.4
1184.43
26777.8
16958.2
17844.3
5129.12
2055.89
28290.4
7453.79
9877.25
24959.3
19990.8
5865.86
1567.45
26082.5
18135.7
29968.3
18891.9
9202.13
17174
19640.7
8284.91
29497.6
25700.4
5710.08
22393.6
20948.4
4362.98
1651.64
20190.4
25151.6
4676.41
20426.5
20091.4
14811.5
14856.1
9829.16
28693.5
24527.1
6636.72
23404.3
14796.1
16541.4
2165.73
18396
25917.8
4804.66
29973.7
22232.7
14095.8
20900.1
5613.27
19214.6
9601.69
4556.73
9901.61
28328.7
13118
1036.07
27309
13082.5
13892.2
20541.5
10240.4
9757.3
9898.75
9329.11
5318.12
17579.7
24512.4
19129.2
24565.1
6897.34
24655
10207.2
2771.14
14609.5
12115.2
24778.9
3987.45
12020.5
28180
7746.76
3755.4
27067.1
6987.07
24674.8
23948.2
19577.5
19064.4
8849.68
9584.8
10817.7
26144.1
9360.73
14773.7
17311.8
15657.6
25077.9
13015.8
24090.7
8796.22
10108.9
3601.29
17944.7
10007.5
10793.8
1320.07
15481.4
22452.7
28355.2
22878.7
25498.7
8590.66
6264.16
25656.8
27557.8
18858.2
23583.4
7848.78
7493.52
10631.7
3139.39
26750.3
18701.9
5226.29
11226.7
27965.2
22713.1
25357.1
7054.07
19829
12115.5
1755.56
26721.1
20910.4
4567.19
11691.7
11976.6
15369.3
22542.3
27045.9
28311.4
10968.6
9610.4
6067.21
21630.3
10710.1
16152.7
23992
3336.73
8363.54
16960.2
22347.2
25074.7
16821.7
14535.5
15414.2
22933.5
18902.8
18091.7
15407.9
3977.56
19784.7
21732.6
18290.3
19209.2
6086.57
28028.5
12747
29543.8
19482.4
14883.1
29627.2
27847.3
13273.9
11956
17243.6
29545.7
22038.8
3873.95
18559.6
21004.4
18306.5
29848.3
3119.59
12933.1
25196.5
4907.83
23834.9
1393.76
6962.26
13628.5
26953.2
7861.14
12206.9
28655.2
19676.4
28010.1
22799.2
23437.8
26154.5
10203
18676.9
21408.5
24282.1
6467.85
27199.3
25896.7
27407.2
11075.8
13704.3
23973.8
15073.9
17813.5
9342.27
23547.7
16448.8
12423
6847.28
24227.6
18932.2
18904.4
16958.6
25310.5
7084.16
3472.33
25486.4
4872.34
7428.85
25754.5
15237.8
16429.9
13469.2
17602.2
24686.2
11368.6
4909.7
26398.7
25420.6
29487
21401
13823.7
1456.18
12071.2
10907.8
2958.95
10155
23369.8
14767.8
5168.35
23451.5
23713.8
25538.3
6585.23
27944.8
27013.1
28806
29760.5
6723.93
10024.2
29444.5
2750.88
22067.1
14244.7
1040.12
8259.49
8305.11
21014.1
7673.4
17781.7
25263.2
23760.8
2470.31
4566.12
22822.1
1416.24
7797.9
22231
15025.5
15127.3
15560.8
22610.7
16266.3
18063
27145.3
17298.6
26958.9
16576.5
11752
10057.8
15135.9
14761.7
19011.5
18873.6
21084.6
2994.54
28195.2
1093.62
8525.44
12134
22294.6
9940.05
7352.69
21630.8
19454.6
12908.2
13678.1
19529.5
23626.6
8980.83
9857.88
18452.2
14005.4
9572.05
28466.8
13289.2
8149.9
22310.4
14529.8
7962.58
6031.16
24667
8289.56
20564.2
14278.1
10670
7961.1
10127.5
25128.1
14293
29233.5
24224.6
26485.6
7929.62
3177.58
1543.59
2151.81
16491.6
5972.58
26208
11363.9
12477.7
28213.5
18582.2
24606.3
3206.89
1143.48
5520.91
3913.75
20410.7
16315.1
26719.3
20038.9
2146.2
9210.67
15663.1
1517.04
19855.7
25246.2
28380.4
10589.4
16373.3
19077.4
24624.4
16744.5
22729.7
15014.4
3114.74
18500.2
8542.64
11116.8
7471.83
22993.6
13643.1
11018.1
1910.65
23304.1
11428.3
22775.1
23496.4
25688.3
6029.92
3851.61
20059.9
6242
1312.16
27481.7
15983.8
27365.8
10524.7
3054.61
22855.6
14256.3
21143.5
7031.39
15602.5
27461.4
22608
29252.3
21231.9
13798.4
11276.2
17403.9
27537.6
27690.4
13887.5
29155.4
15685.2
25571.2
9257.24
15400.6
26710.5
17918.4
2803.35
4918.24
24916.9
2531.81
23112.3
8062.6
5099.29
22755.8
18035.2
23340.2
9481.07
7275.72
4041.85
27340.3
17730.1
28227.6
24450.3
20641.3
4689.37
6176.44
1386.24
25611.7
22561.9
8452.48
3914.05
25414.9
20503.6
11781
5132.96
8715.86
22501.2
2265.86
19301.6
21946.7
20406.3
28952.6
